[ 3099.425636] [Project1] 2227 1588165930.490717663 1588165931.575625554
[ 3101.544305] [Project1] 2228 1588165932.566809971 1588165933.694272912
[ 3103.967386] [Project1] 2229 1588165934.767760632 1588165936.117364063
[ 3106.549887] [Project1] 2230 1588165937.291818765 1588165938.699875751
[ 3109.127717] [Project1] 2231 1588165939.919192397 1588165941.277707085
[ 3111.480783] [Project1] 2232 1588165942.424927287 1588165943.630773095
[ 3113.697709] [Project1] 2233 1588165944.668724258 1588165945.847669802
[ 3115.949585] [Project1] 2234 1588165946.887446756 1588165948.99573625
[ 3118.604118] [Project1] 2235 1588165949.260027013 1588165950.754099553
[ 3121.445889] [Project1] 2236 1588165952.54804642 1588165953.595872756
